mavg_score: [6.014, 9.135, 10.114333333333333]
var_score: [10.673804, 20.213775000000002, 19.92192788888889]
mavg_ammo_left: [12.406, 12.872, 12.924]
mavg_kill_counts: [6.358, 0.75, 0.996]
