mavg_score: [-282.095, -290.567]
var_score: [7521.795975000001, 4077.950511000001]
mavg_ammo_left: [100.0, 100.0]
mavg_kill_counts: [49.042, 49.915]
