mavg_score: [0.441, 2.17, 5.402666666666667, 7.69925, 9.2728]
var_score: [0.398519, 8.146099999999999, 30.28319288888889, 41.4472994375, 45.46838016]
mavg_ammo_left: [16.046, 13.61, 12.134, 12.594, 12.982]
mavg_kill_counts: [5.509, 5.165, 1.612, 1.002, 0.818]
