mavg_score: [-282.095, -290.567, -291.391, -293.0535]
var_score: [7521.795975000001, 4077.950511000001, 3568.920785666667, 2864.4381377500004]
mavg_ammo_left: [100.0, 100.0, 100.0, 100.0]
mavg_kill_counts: [49.042, 49.915, 49.897, 49.958]
