mavg_score: [0.6, 0.9, 0.7333333333333333, 0.8, 1.04]
var_score: [2.2399999999999998, 1.5900000000000003, 1.395555555555555, 1.31, 1.7184]
mavg_ammo_left: [10.3, 10.9, 9.0, 9.0, 7.0]
mavg_kill_counts: [12.0, 14.6, 11.6, 13.0, 10.8]
