mavg_score: [-144.3, -111.45, -117.06666666666666, -121.575, -120.62]
var_score: [41380.009999999995, 32292.6475, 35679.26222222222, 37369.69437500001, 38559.2356]
mavg_ammo_left: [41.9, 43.5, 43.2, 42.6, 43.8]
mavg_kill_counts: [100.0, 100.0, 100.0, 100.0, 100.0]
