mavg_score: [0.1, 0.15, 0.36666666666666664, 0.5, 0.76]
var_score: [1.0900000000000003, 1.4274999999999998, 1.2322222222222226, 1.25, 2.1424000000000003]
mavg_ammo_left: [11.6, 11.5, 10.7, 7.7, 7.9]
mavg_kill_counts: [16.8, 18.8, 17.4, 11.2, 9.8]
