mavg_score: [6.365, 10.4935, 12.342666666666666, 13.47375, 13.9202]
var_score: [18.325774999999997, 32.24495775, 32.77391288888889, 32.2213109375, 30.151031959999997]
mavg_ammo_left: [6.334, 1.027, 1.099, 1.617, 2.702]
mavg_kill_counts: [12.088, 12.892, 12.596, 13.032, 12.918]
