mavg_score: [-179.8, -157.8, -134.9, -152.1, -146.44]
var_score: [36926.159999999996, 39166.159999999996, 36250.42333333333, 37903.19, 36797.2464]
mavg_ammo_left: [41.0, 42.6, 44.1, 41.4, 43.2]
mavg_kill_counts: [100.0, 100.0, 100.0, 100.0, 100.0]
